SAMPLE_ID	AGE	d13C	d18O	LITHIUM	MAGNESIUM	CALCIUM	MANGANESE	COBALT	COPPER	ZINC	STRONTIUM	BARIUM	AREA	BAY	STATION	DATE	MONTH	YEAR	DEPTH_SHALLOW	DEPTH_DEEP	TEMPERATURE	DO	SALINITY	TURBIDITY	DEPTH_SHALLOW_END	DEPTH_DEEP_END	TEMP_END	DO_END	SALINITY_END	TURBIDITY_END
Cleu_Ara001	1	-4.02	1.53	20.14218393	18380.79531	0.008501491	38.63144737	0.111481009	25.14681959	26.00320873	3156.421554	15.72430398	5	250	158	4/23/2014	april	2014	0.0	0.5	28.2	5.5	29.2	9.0	0.0	0.3	24.2	5.8	28.9	6.0
Cleu_Ara001	1	-5.03	2.31										5	250	158	4/22/2014	april	2014	0.0	0.5	28.2	5.5	29.2	9.0	0.0	0.3	24.2	5.8	28.9	6.0
Cleu_Ara002	2	-5.78	1.49										5	20	317	5/21/2014	may	2014	0.1	1.2	25.6	7.5	28.7	11.0	0.0	1.1	24.7	6.4	28.9	4.0
Cleu_Ara002	2	-5.91	0.85	18.81769989	16744.27883	0.010859632	42.10623472	0.16236143	25.75809325	17.72131429	2637.78058	21.20247496	5	20	317	5/20/2014	may	2014	0.1	1.2	25.6	7.5	28.7	11.0	0.0	1.1	24.7	6.4	28.9	4.0
Cleu_Ara002	2	-5.92	0.56										5	20	317	5/19/2014	may	2014	0.1	1.2	25.6	7.5	28.7	11.0	0.0	1.1	24.7	6.4	28.9	4.0
Cleu_Ara004	0												5	315	54	5/20/2014	may	2014	0.2	0.6	27.5	7.6	28.6	36.0	0.2	0.6	24.8	6.7	28.2	32.0
Cleu_Ara005	0												5	120	47	5/11/2014	may	2014	0.0	1.4	26.3	7.1	29.4	21.0	0.1	1.3	25.5	6.4	29.4	24.0
Cleu_Ara100	0	-4.91	1.06	9.171607203	21188.82487	0.010142316	12.51814156	0.462985745	7.695230579	30.67450962	3353.68189	3.04891312																		
Cleu_Ara012	0	-3.92	4.07	25.95600578	23242.78235	0.008573873	32.03897351	0.199531923	121.8149526	36.17460077	3288.355415	10.51664988	6	130	207	5/19/2014	may	2014	0.0	1.4	25.5	8.1	36.3	5.0	0.0	1.2	23.4	6.7	36.4	5.0
Cleu_Ara015	0	-4.77	2.01	18.86783299	28029.96247	0.007278848	9.04376279	0.127165822	1.232049334	36.93335242	4233.28366	2.823999999	5	120	30	6/16/2014	june	2014	0.0	0.7	30.5	6.4	31.8	23.0	0.0	0.7	27.9	6.3	31.7	48.0
Cleu_Ara017	0	-2.38	1.94	24.38894226	21091.85295	0.010821734	63.25465388	0.67448886	399.3148225	22.93987769	2923.167612	25.75386003	6	284	56	5/12/2014	may	2014	0.0	1.5	26.6	5.3	32.9	34.0	1.8	1.9	24.6	4.8	32.1	193.0
Cleu_Ara019	0	-4.65	1.83	24.73017074	29736.20638	0.008370014	63.75925291	0.204647199	19.62239643	34.23308919	3987.604878	18.65503964	5	250	156	9/29/2014	sept	2014	0.0	0.6	28.5	8.6	29.9	28.0	0.0	0.6	26.2	5.1	31.0	15.0
Cleu_Ara024	0												6	260	15	9/29/2014	sept	2014	0.0	1.3	26.7	6.6	37.1	16.0	0.0	1.4	25.9	5.1	37.8	8.0
Cleu_Ara025	0	-4.19	2.28	27.60231195	22551.9729	0.008893684	133.988405	0.539636794	4.827843192	27.57083771	2381.598326	25.41714417	6	260	15	9/29/2014	sept	2014	0.0	1.3	26.7	6.6	37.1	16.0	0.0	1.4	25.9	5.1	37.8	8.0
Cleu_Ara028	0	-4.62	2.14	22.116781	23272.79746	0.006378261	44.88888382	0.879271272	1.671897905	28.48580293	2637.524398	21.03656884	6	260	10	9/29/2014	sept	2014	0.0	1.2	26.6	7.3	34.0	10.0	0.0	1.3	26.0	5.4	37.6	8.0
Cleu_Ara030	0	-3.84	3.53	22.55504129	27501.23466	0.009597363	78.46616933	0.310013111	26.96262555	38.23284337	3320.250106	27.62214272	5	250	77	9/28/2014	sept	2014	0.0	1.4	27.3	7.8	29.6	13.0	0.0	1.4	26.7	6.0	29.8	10.0
Cleu_Ara031	0	-4.89	2.44	17.50291904	28581.77884	0.007830046	107.446905	0.281315388	130.8242184	43.91318096	3464.993079	26.92337557	5		126	9/18/2013	sept	2013	0	1.1	29.2	5.9	30.6	25						
Cleu_Ara032	0	-6.09	1.43	20.45915446	25089.40464	0.007611728	265.1044771	0.144155164	97.56888291	45.44956722	2831.966729	32.13838512	5																	
Cleu_Ara034	0	-5.14	1.89	21.1108847	26013.87022	0.009723968	95.51017596	0.127704773	48.93015101	31.91563506	3547.99613	26.44608901	5																	
Cleu_Ara036	0	-5.01	1.87	21.85802954	25170.67634	0.010136519	43.24229754	0.193894836	20.9807627	35.09827207	3433.610753	15.76271574	5																	
Cleu_Ara037	0	-4.84	2.26	20.56912384	28542.06653	0.010280318	46.75610449	0.14278398	94.25906832	35.388383	3360.726902	20.88782542	5																	
Cleu_Ara039	0	-6.62	1.28	110.3914586	611.7080656	0.010645235	11.9502123	4.451432223	7.611867053	20.15326783	230.3462739	12.55819412	6	130	156	5/6/2015	may	2015	0.0	1.6	25.6	6.2	29.6	2.0	0.0	1.6	24.8	5.6	29.5	4.0
Cleu_Ara039	1	-6.93	0.98										6	130	156	5/5/2015	may	2015	0.0	1.6	25.6	6.2	29.6	2.0	0.0	1.6	24.8	5.6	29.5	4.0
Cleu_Ara042	0	-3.03	1.9	25.61477729	25846.70911	0.009844569	65.33842312	0.437731215	1.868861897	38.89718022	3066.757765	39.96948079	6	130	156	10/20/2014	oct	2014	0.0	1.2	24.7	6.4	35.3	3.0	0.0	1.1	25.2	3.8	38.9	2.0
Cleu_Ara047	2												6	260	18	5/6/2015	may	2015	0.0	1.2	25.4	6.5	10.9	42.0	0.0	1.1	23.3	5.8	11.2	35.0
Cleu_Ara047	2												6	260	18	5/5/2015	may	2015	0.0	1.2	25.4	6.5	10.9	42.0	0.0	1.1	23.3	5.8	11.2	35.0
Cleu_Ara047	2	-6.12	1.44	13.58267271	21758.18853	0.009263866	60.51102439	0.186376182	1.052146605	31.82122026	3563.623247	24.53612547	6	260	18	5/4/2015	may	2015	0.0	1.2	25.4	6.5	10.9	42.0	0.0	1.1	23.3	5.8	11.2	35.0
Cleu_Ara048	1												6	130	73	4/14/2015	april	2015	0.0	2.3	25.1	6.8	30.6	13.0	0.0	2.1	24.1	5.5	30.8	16.0
Cleu_Ara049	0																													
Cleu_Ara050	0												5	20	155	10/29/2014	oct	2014	0.2	0.8	27.3	7.6	34.4	9.0	0.2	0.9	25.4	5.0	34.8	6.0
Cleu_Ara051	0												5	20	155	10/29/2014	oct	2014	0.2	0.8	27.3	7.6	34.4	9.0	0.2	0.9	25.4	5.0	34.8	6.0
Cleu_Ara052	0												5	20	155	10/29/2014	oct	2014	0.2	0.8	27.3	7.6	34.4	9.0	0.2	0.9	25.4	5.0	34.8	6.0
Cleu_Ara053	0												5	20	155	10/29/2014	oct	2014	0.2	0.8	27.3	7.6	34.4	9.0	0.2	0.9	25.4	5.0	34.8	6.0
Cleu_Ara054	0																													
Cleu_Ara055	0	-3.46	2.74	17.23786051	25631.98558	0.008228887	9.902194	0.389482704	1.657220979	41.50302865	3166.540753	7.697798688																		
Cleu_Ara056	0																													
Cleu_Ara057	0																													
Cleu_Ara058	0																													
Cleu_Ara059	2	-5.38	1.18	21.43755842	15546.44481	0.008452653	30.25142637	0.113732035	3.255557636	18.21896611	3162.185655	16.64536898																		
Cleu_Ara059	2	-6.09	1.29																											
Cleu_Ara059	2	-5.56	1.74																											
Cleu_Ara060	0	-3.5	2.64	17.86986095	20605.1463	0.011444065	56.35982919	0.444682352	1.783873488	37.00888426	2755.368235	22.24367887																		
Cleu_Ara061	0																													
Cleu_Ara062	0																													
Cleu_Ara063	0																													
Cleu_Ara064	0	-5.3	0	8.435135861	31881.59452	0.008864123	16.74247297	0.509944963	1.216047776	51.03377337	2978.502978	3.430006828																		
Cleu_Ara065	0	-7.14	1.32	7.629933663	22777.31716	0.009903732	63.57539091	0.18115045	3.619248681	30.00502287	1864.110173	32.03459164																		
Cleu_Ara066	0																													
Cleu_Ara067	0	-4.75	2.86	17.75698063	25276.88367	0.009790003	12.71814255	0.218391407	3.747119852	30.67279299	3050.746374	8.596225266																		
Cleu_Ara068	0	-7.61	-2.34	10.85818156	22379.27054	0.007520335	80.63574083	0.291355496	0.858185113	36.59174252	2223.790057	20.06973664																		
Cleu_Ara069	0																													
Cleu_Ara070	0	-2.57	2.77	17.52200196	24478.01982	0.008669439	74.74398546	0.198863472	1.532299322	40.26018658	3013.343765	25.74487005	6	284	64	5/10/2015	may	2015	0.2	1.1	28.4	6.6	28.2	9.0	0.0	1.0	26.5	3.4	28.3	3.0
Cleu_Ara071	0	-5.56	1.82	18.06732066	19628.96237	0.010900013	81.47129144	0.468371448	1.322954433	29.84022613	2592.820595	18.71388319																		
Cleu_Ara072	0																													
Cleu_Ara073	0	-5.63	1.91	13.19923539	20657.7882	0.009254787	85.19143242	0.195679279	2.270861307	30.40671492	2586.672221	21.26703941																		
Cleu_Ara074	0	-6.14	1.12	8.937922292	20058.87119	0.007766768	101.3488157	0.324086784	3.605649122	31.99460016	2542.352691	21.61683162																		
Cleu_Ara075a	0												6	284	64	5/10/2015	may	2015	0.2	1.1	28.4	6.6	28.2	9.0	0.0	1.0	26.5	3.4	28.3	3.0
Cleu_Ara076a	1																													
Cleu_Ara077a	2																													
Cleu_Ara080	1																													
Cleu_Ara081	0	-5.03	0.36	22.00519444	23398.86095	0.010060433	65.24036339	0.059903188	11.51476366	27.94163037	3120.556039	10.00364854																		
Cleu_Ara082	0																													
Cleu_Ara085	2																													
Cleu_Ara086	0	-7.12	-0.33	5.713717385	19850.61246	0.009718087	56.40885906	0.107957829	1.722869755	28.59395079	1980.160734	28.59060947																		
Cleu_Ara087	0	-3.71	0.47	9.308583757	23327.28644	0.011374957	81.64493888	0.177973875	2.527751665	25.11038807	2745.889492	21.71326966																		
Cleu_Ara088	0																													
Cleu_Ara089	0	-5.57	1.24	17.08374168	27154.9064	0.006051695	12.51385145	0.047528069	32.03314138	40.3769176	4192.678772	2.946999362	6	130	212	6/8/2016	june	2016	0.40	2.20	29.50	6.30	24.90	12.00	0.30	1.80	28.80	5.60	25.20	6.00
Cleu_Ara090	0	-5.3	0.64	20.51413915	21520.37645	0.009939232	29.66715382	0.058669504	5.940181089	21.73771981	3209.707463	5.98275441																		
Cleu_Ara091	1																													
Cleu_Ara092	0																													
Cleu_Ara093	0	-4.5	1.04	16.30134195	19901.86904	0.008570885	56.8419562	0.119995676	1.552716321	23.81827864	3602.819132	9.956818886	6	130	239	6/8/2016	june	2016	0.00	2.20	29.20	8.10	26.40	4.00	0.00	2.00	28.30	5.40	26.70	5.00
Cleu_Ara094	0	-5.33	0.72	13.76832688	18820.40132	0.008147944	54.63356938	0.13521581	38.3751276	19.30696792	2951.988115	11.12633443																		
Cleu_Ara095	1																													
Cleu_Ara096	0																													
Cleu_Ara097	1																													
Cleu_Ara098	1																													
Cleu_Ara099	0																													
Cleu_Dic001	0	-6.01	0.81	10.57646591	26249.37343	0.009330151	87.77980068	0.120713643	96.09235944	30.86848911	2259.911755	39.90818543																		
Cleu_Dic002	0	-5.53	-1.34	10.16650656	25692.93936	0.009744746	111.4571394	0.10716559	7.452381323	31.10538442	2785.341559	23.12388029																		
Cleu_Dic003	0	-5.88	0.81	8.016605375	26070.66805	0.010513169	87.10972585	0.101825593	50.22299214	27.92789731	2628.173746	26.89231926																		
Cleu_Dic004	0	-6.53	-0.01	6.656057857	23007.27913	0.010218038	80.2026437	0.132294428	10.84167384	29.81447664	2352.009276	38.72314173																		
Cleu_Dic005	0	-5.75	0.32	11.5658668	31882.51807	0.007912377	87.2302576	0.411792998	8.559067456	91.28537678	2525.444662	26.56214156																		
Cleu_Dic006	0	-4.43	1.08	13.98761874	19986.83491	0.00824297	90.76653658	0.61259517	0.790081351	31.21868218	2458.19682	17.61383573																		
Cleu_Dic007	0	-4.97	1.35	10.08273578	21757.26499	0.008826696	88.99328982	0.500710424	0.848647761	29.68401255	2329.465238	23.85452103																		
Cleu_Dic008	0	-6.08	0.06	15.00823153	18826.86612	0.010892133	78.44982604	0.276064898	0.761169043	30.85990595	2445.900072	20.19314463																		
Cleu_Dic009	0	-5.82	2.41	13.05805412	20460.1502	0.00821939	81.29151527	0.270980094	1.025883562	30.73287513	2007.956508	15.76925391	2	180	268	6/11/2014	june	2014	0.2	1.8	30.5	9.9	9.8	9.0	0.4	2.0	29.3	5.2	9.9	12.0
Cleu_Dic010	0	-6.01	2.88	12.29279668	22957.86963	0.008675065	83.17099341	0.303221945	1.159918689	41.2850163	1999.246312	33.34304334	2	180	268	6/11/2014	june	2014	0.2	1.8	30.5	9.9	9.8	9.0	0.4	2.0	29.3	5.2	9.9	12.0
Cleu_Dic011	0	-7.7	-1.3	9.434401654	24995.20335	0.009177418	75.44061811	0.251993014	2.447885168	53.62073885	2192.535823	46.60981187																		
Cleu_Dic012	0																													
Cleu_Dic014	0																													
Cleu_Dic015	0	-6.39	1.07	8.94277388	22277.68092	0.008354307	91.01781463	0.321180637	36.62449355	36.25528251	1549.518365	16.71320251	2	180	167	9/22/2104	sept	2014	1.3	2.5	29.9	11.7	12.3	6.0	1.3	2.3	26.6	6.8	13.0	14.0
Cleu_Dic016	0	-6.68	0.19										2	180	167	9/22/2104	sept	2014	1.3	2.5	29.9	11.7	12.3	6.0	1.3	2.3	26.6	6.8	13.0	14.0
Cleu_Dic017	0												2																	
Cleu_Dic018	1												2																	
Cleu_Dic019	0												2																	
Cleu_Dic020	0												2	330	225	9/16/2014	sept	2014	0.4	0.7	29.0	5.8	16.4	16.0	0.5	1.0	27.0	4.2	19.1	7.0
Cleu_Dic021	0												2	330	225	9/16/2014	sept	2014	0.4	0.7	29.0	5.8	16.4	16.0	0.5	1.0	27.0	4.2	19.1	7.0
Cleu_Dic022	0												2	330	225	9/16/2014	sept	2014	0.4	0.7	29.0	5.8	16.4	16.0	0.5	1.0	27.0	4.2	19.1	7.0
Cleu_Dic023	0												2	330	225	9/16/2014	sept	2014	0.4	0.7	29.0	5.8	16.4	16.0	0.5	1.0	27.0	4.2	19.1	7.0
Cleu_Dic024	0												2	330	225	9/16/2014	sept	2014	0.4	0.7	29.0	5.8	16.4	16.0	0.5	1.0	27.0	4.2	19.1	7.0
Cleu_Dic025	0	-7.67	0.75	8.16716638	18927.99397	0.007493964	43.32197107	0.142285022	3.198722079	35.14462115	1980.673098	24.2827713	2	150	297	10/8/2014	oct	2014	0.6	1.4	28.6	8.0	11.4		0.7	1.4	26.6	5.9	15.1	
Cleu_Dic026	0	-6.28	0.97	6.8653231	24926.39947	0.011703637	108.595021	0.202051473	12.57535259	36.20035026	2300.516643	26.0072142	2		16	10/29/2014	oct	2014	0.2	0.2	26.2	8.3	9.1	18.0	0.6	0.7	23.1	6.2	12.7	6.0
Cleu_Dic027	0	-6.11	0.96										2		16	10/29/2014	oct	2014	0.2	0.2	26.2	8.3	9.1	18.0	0.6	0.7	23.1	6.2	12.7	6.0
Cleu_Dic028	0	-7.04	0.01	6.638592133	24738.92044	0.009837747	68.90738868	0.147531702	0.939994404	24.09293987	1754.079895	39.67608032																		
Cleu_Dic029	0												2																	
Cleu_Dic030	0	-6.53	0.24	7.966633999	35903.1583	0.008575086	115.8882134	0.258751805	25.5684059	38.84224798	2276.30742	36.8646663	2																	
Cleu_Dic031	0	-6.78	0.56	10.93839451	20193.24655	0.009481166	60.41296466	0.181523716	1.015127548	28.33473926	2184.594173	34.71524221	2	100	609	10/28/2014	oct	2014	0.2	0.9	25.6	6.7	20.4	11.0	0.5	1.2	24.2	5.3	20.9	6.0
Cleu_Dic032	0	-7.59	0.82	12.5627068	20855.88796	0.008339456	65.32412275	0.205315651	2.258286131	37.86376734	1916.755626	31.97983445	2																	
Cleu_Dic033	1												2																	
Cleu_Dic034	2												2	180	170	6/2/2015	june	2015	0.0	1.7	30.7	9.8	0.4		0.3	1.9	28.8	7.4	0.7	
Cleu_Dic035	2												2	180	170	6/3/2015	june	2015	0.0	1.7	30.7	9.8	0.4		0.3	1.9	28.8	7.4	0.7	
Cleu_Dic036	0	-6.19	0.72	8.567745984	22085.58418	0.007111987	133.9291606	0.144625556	4.398838944	29.70976204	2347.013722	27.95150314	2																	
Cleu_Dic038	0	-7.62	0.65	7.8802757	17627.64678	0.010244664	64.25363737	0.896677682	17.57380842	23.90067701	1597.552537	31.45923249	2																	
Cleu_Dic039	1												2																	
Cleu_Dic040	1												2																	
Cleu_Dic041	0	-7.14	0.38	10.82308839	19118.7054	0.007827822	83.68784991	0.167196756	6.5620518	26.9717329	1972.731449	23.37151356	2																	
Cleu_Dic042	0	-7.57	-0.8	9.472244054	21500.5203	0.008000569	63.83892644	0.133334242	3.015922822	39.63876555	2091.856197	18.95334374	2																	
Cleu_Dic043	0												2	330	225	9/13/2015	sept	2015	0.2	1.2	26.7	11.0	7.0	16.0	0.6	1.0	24.1	7.8	7.0	18.0
Cleu_Dic044	0	-9.4	-0.59	6.71185114	20703.50353	0.005980818	173.524862	0.304459819	31.81855095	41.89270428	1562.327477	36.53857497	2	330	225	9/13/2015	sept	2015	0.2	1.2	26.7	11.0	7.0	16.0	0.6	1.0	24.1	7.8	7.0	18.0
Cleu_Dic045	0												2	330	225	9/13/2015	sept	2015	0.2	1.2	26.7	11.0	7.0	16.0	0.6	1.0	24.1	7.8	7.0	18.0
Cleu_Dic046	0	-6.97	-0.77	15.74890758	16859.72158	0.00793213	47.25457478	1.386761436	2.972298265	25.93488675	1928.796192	14.76646176	2																	
Cleu_Dic047	0												2	330	103	9/15/2015	sept	2015	0.50	1.30	28.20	7.60	4.90	13.00	0.40	1.20	27.50	5.70	3.20	9.00
Cleu_Dic048	0	-8.28	-0.52	6.637783535	32528.53572	0.008922525	158.4420499	0.40655584	122.8958525	37.58738948	1683.629775	35.13695432	2	330	103	9/15/2015	sept	2015	0.50	1.30	28.20	7.60	4.90	13.00	0.40	1.20	27.50	5.70	3.20	9.00
Cleu_Dic049	0												2	330	103	9/15/2015	sept	2015	0.50	1.30	28.20	7.60	4.90	13.00	0.40	1.20	27.50	5.70	3.20	9.00
Cleu_Dic050	0												2	330	103	9/15/2015	sept	2015	0.50	1.30	28.20	7.60	4.90	13.00	0.40	1.20	27.50	5.70	3.20	9.00
Cleu_Dic051	0	-7.61	1.41	5.8026632	24107.67946	0.006694829	100.192528	0.221522275	3.136199435	26.7726035	1593.837895	40.05284249	2	330	55	10/5/2015	oct	2015	0.40	1.20	24.90	9.00	13.10	12.00	0.60	1.30	23.40	6.10	14.70	9.00
Cleu_Dic052	0	-10.3	-1.37	17.9541169	20807.86378	0.005499825	70.92578476	0.169672503	15.56372306	37.74703632	2463.576648	22.28944607	2	330	55	10/5/2015	oct	2015	0.40	1.20	24.90	9.00	13.10	12.00	0.60	1.30	23.40	6.10	14.70	9.00
Cleu_Dic053	0	-9.67	0.1	5.846650948	18551.18882	0.009935287	72.46409676	0.647807919	3.184416051	27.19661178	1218.454037	27.10889621	2	330	55	10/5/2015	oct	2015	0.40	1.20	24.90	9.00	13.10	12.00	0.60	1.30	23.40	6.10	14.70	9.00
Cleu_Dic054	0	-11.63	-1.09	3.259783231	23488.9063	0.008227889	22.44076467	0.145665369	3.491377509	46.9499042	887.2872374	22.84682525	2	330	55	10/5/2015	oct	2015	0.40	1.20	24.90	9.00	13.10	12.00	0.60	1.30	23.40	6.10	14.70	9.00
Cleu_Dic055	0	-5.38	1.34	15.55581431	22142.38201	0.008244638	78.62143056	0.352077967	2.525985488	32.97994733	2549.910067	22.45453492	2	50	681	9/28/2015	sept	2015												
Cleu_Dic056	0												2	330	164	9/15/2015	sept	2015	0.30	1.50	28.40	8.30	5.40	14.00	0.30	1.40	27.20	5.70	7.80	13.00
Cleu_Dic057	0												2	330	164	9/15/2015	sept	2015	0.30	1.50	28.40	8.30	5.40	14.00	0.30	1.40	27.20	5.70	7.80	13.00
Cleu_Dic058	3												2	50	691	10/13/2015	oct	2015	0.40	1.30	29.70	5.60	23.60	15.00	0.40	1.20	27.30	4.60	23.80	4.00
Cleu_Dic062	0	-6.94	0.34	9.705928966	20769.99855	0.012986181	89.36305671	0.11559075	4.100673044	17.30932245	1812.361357	15.51916883	2																	
Cleu_Dic063	1	-4.69	0.45										2																	
Cleu_Dic064	0	-7.09	-0.69										2																	
Cleu_Dic065	0	-8.68	-0.7	6.479621705	20382.57267	0.008741568	82.37630102	0.057679205	10.91956222	17.79907776	1780.466667	25.35094517	2																	
Cleu_Dic066	0	-9.53	-0.7	3.248948014	30462.11042	0.006814041	82.3354428	0.049044559	8.140307032	15.31837185	1620.224667	26.02682872	2																	
Cleu_Dic067	0	-9.22	-1.47	4.614347122	23219.23202	0.006700458	49.86337215	0.057412586	7.425182208	16.45375271	2415.542475	15.81665566	2																	
Cleu_Dic068	0	-12.25	-1.78	3.299727988	24563.90922	0.00571271	116.035303	0.167194851	9.124243904	40.34086832	1511.4753	29.91785841	2																	
Cleu_Dic070	0	-11.47	-1.49										2																	
Cleu_Dic071	0	-10.8	-2.01	2.755379605	23868.94384	0.007366696	101.8963158	0.047520261	22.4145447	22.34592277	1362.159473	20.30511083	2																	
Cleu_Dic072	0												2																	
Cleu_Dic073	2												2																	
Cleu_Gal001	14	-6.55	0.14	12.62011728	19042.97495	0.009107011	57.68159262	0.378770334	1.993536289	38.88859706	2145.65447	27.22086241																		
Cleu_Gal002	7	-7.03	-0.08	15.3197036	18396.03376	0.007408595	81.8349296	0.580619938	4.427274384	39.99754178	1736.147137	24.33262487																		
Cleu_Gal003	14	-7.44	0.16	14.95259997	18377.10114	0.009299924	48.19431385	0.235043666	3.497506141	33.8605799	2212.005674	29.00823521																		
Cleu_Gal004	11	-7.63	-1.35																											
Cleu_Lag001	2	-3.64	2.13	28.09393972	23997.31619	0.011304275	45.19327756	0.151241515	21.63212856	49.67420028	3204.199544	16.33317126	7																	
Cleu_Lag002	0	-6.35	-0.54	15.21070455	25718.79854	0.010168695	58.46198463	0.116704836	30.95824642	29.14842315	2573.222652	25.74568732	8	230	329															
Cleu_Mat001	0	-5.7	0.71	18.66568341	31830.33794	0.008897941	138.0027252	0.401975707	59.25521825	75.49407264	3243.267338	30.01266191	3																	
Cleu_Mat002	0	-6.46	2.24	5.811557781	27224.17205	0.008921716	229.4679373	0.225780561	77.75768224	62.55066213	2447.052892	60.65217106	3																	
Cleu_Mat003	0	-5.76	0.38	25.15549346	33713.44014	0.009717499	100.9708771	0.494425834	210.2933255	70.1467618	3383.783305	22.30824332	3																	
Cleu_Mat004	0	-5.72	2.42	16.9466034	29017.69068	0.007867067	67.36274365	0.233247797	47.01561579	110.6352605	3790.856907	11.43771488	3																	
Cleu_Mat005	0	-8.59	-12.23	11.20830463	23679.61773	0.008941963	49.44866122	0.103739537	35.90283388	19.33117244	2505.462446	23.04950858	3																	
Cleu_Mat006	0	-6.25	1.08	14.63013096	26713.45331	0.007625534	121.1344089	0.063700985	1.24593148	35.66991076	2631.119842	33.12564911	3																	
Cleu_Mat007	0	-4.64	3.54	15.00014555	23923.89459	0.008199925	76.10456419	0.396961366	28.2537005	33.49493714	2612.546628	22.03854372	3	210	222															
Cleu_Mat008	0	-5.72	2.24	9.940745915	22501.63986	0.008046383	108.3968587	0.323405001	983.8309022	25.92802022	2189.717818	29.00496613	3	210	222															
Cleu_Mat009	0	-6.07	-0.95	9.03851192	18463.45233	0.010468195	64.07794703	0.149411366	2.988723706	18.18274516	1852.197698	16.03895352	3	360	165															
Cleu_Mat010	0	-6.76	-1.26	14.14012038	24785.55931	0.00957466	82.47027493	0.23507985	61.06908141	27.54165495	2303.078465	23.68698037	3	360	165															
Cleu_Mat011	0	-5.53	-0.27	13.22219958	18135.13313	0.009945925	44.01043209	0.055077766	24.19485051	21.02188398	2751.39741	18.61989696	3	360	180															
Cleu_Mat012	0	-6.48	-1.22	12.49494626	22072.65459	0.008634507	101.5265489	0.242238569	64.078646	33.87602959	1965.174072	26.84491751	3	360	180															
Cleu_Mat013	0	-5.77	-0.99	14.34841531	27531.24978	0.010310991	98.89936535	0.322113803	7.556055877	28.32100619	2341.633894	26.39541817	3																	
Cleu_Mat014	0	-4.96	2.05	4.767657361	26138.08662	0.005745894	26.61320614	0.161908178	4.698735697	41.66439213	2484.455501	9.011726105	3	320	158															
Cleu_Mat015	0	-6.43	-0.26	7.671495616	20436.59988	0.008717541	88.62148001	0.075523632	3.557255889	26.15118247	2363.921751	14.52700121	3	320	158															
Cleu_Mat016	1	-6.71	0.14	10.48574118	21802.05677	0.008335933	106.4887798	0.055336577	15.00702426	23.02794094	2425.021218	30.66239276	3	320	158															
Cleu_Mat016	1	-6.95	0.35										3	360	494															
Cleu_Mat017	4												3																	
Cleu_Mat018	0	-5.62	-0.1	3.759658707	24779.09452	0.006815218	105.4019511	0.176863598	2.484427358	38.56587011	1988.742839	26.53435433	3																	
Cleu_Mat019	0	-6.74	-0.24	12.46955628	18431.12835	0.008801328	27.642629	0.137381137	97.71370937	18.48624582	2462.808101	20.29530357	3																	
Cleu_Mat019	1	-5.78	0.46										3																	
Cleu_Mat020	0	-6.5	-0.16	8.866118761	15122.53902	0.007854325	36.61713711	0.071899518	2.067026889	18.38427784	2603.067885	22.72832088	3																	
Cleu_Mat021	0	-5.72	-0.07	12.30023579	17803.11977	0.009857909	112.8361043	0.149057144	33.83393484	22.05873012	2843.366839	21.69937604	3																	
Cleu_Mat022	0	-5.42	-0.44	13.59593372	24860.82799	0.006867277	91.92282421	0.057045033	30.78763378	28.2059918	2913.94505	28.1304856	3																	
Cleu_Mat023	0	-6.5	-0.53	9.506205183	22007.08311	0.008603985	82.20265357	0.055599768	117.6096865	25.24703203	2577.321568	25.14826184	3																	
Cleu_Mat023	1	-9.59	-0.74										3																	
Cleu_Mat024	0	-5.52	0.01	12.6877161	27536.79103	0.008416388	98.18434648	0.077959386	43.16888359	29.70804541	2840.805017	28.0847184	3																	
Cleu_Mat024	1	-6.57	0.73										3																	
Cleu_Mat024b	0	-6.24	0.46										3																	
Cleu_Mat025	0	-6.39	-0.48	9.281576573	19435.94209	0.009240931	57.83276804	0.101338061	79.75876009	23.68609792	2405.039002	26.98467094	3																	
Cleu_Mat025	1	-7.71	0.01										3																	
Cleu_Mat026	0	-6.41	0.27										3																	
Cleu_Mat027	2												3																	
Cleu_Mat028	0												3																	
Cleu_Mat029	0	-6.49	-0.46	8.063989236	22279.52801	0.009175878	59.88997944	0.070109362	105.5431694	28.27980701	2042.797295	16.2833177	3																	
Cleu_Mat030	0	-7.47	-0.24	7.9469042	22479.47486	0.007251544	70.22098046	0.505566698	71.44890011	35.90337281	1797.758969	23.13450482	3																	
Cleu_Mat031	0	-6.97	-0.84	7.124236279	19739.78741	0.005470925	98.85646422	0.13488825	17.58829107	24.30580232	2220.459688	23.35843722	3																	
Cleu_Mat032	0	-6.67	-0.74	8.439178852	36015.36866	0.007445554	102.1578084	0.055645283	41.30380131	45.17318935	2532.745856	26.51637436	3																	
Cleu_Mat033	0	-6.79	-0.12	7.163534157	27279.1228	0.007192932	59.40376661	0.287205763	28.4319077	31.13971708	1843.487501	19.90873415	3																	
Cleu_Mat034	0	-6.9	-0.9	7.334956999	16421.96266	0.008613003	79.97588058	0.072547021	23.52317363	24.41910008	2188.693089	32.99488567	3																	
Cleu_Mat035	1	-6.4	-0.97	10.88826142	21377.68921	0.011232306	40.78263267	0.110511658	116.7672204	17.25799513	2317.937036	21.57596804	3																	
Cleu_Mat035	1	-7.23	-0.65										3																	
Cleu_Mat036	0	-8.27	-1.66	9.559734392	21090.46764	0.007111021	84.14137615	0.268732877	1.377282019	35.60639535	1881.402475	36.60886032	3																	
Cleu_Mat037	0	-7.07	-0.45	7.898388302	24341.79736	0.008508157	79.46719574	0.083126081	32.1214502	26.13401614	2300.004278	21.99522833	3																	
Cleu_Mat038	0												3																	
Cleu_Sab001	0	-6.48	0.33										1	700	63	10/7/2013	oct	2013		2	24.2	8.8	17	4		2.2	22.7	8.1	11.7	6
Cleu_Sab002	0	-6.39	-0.05										1	700	156	10/14/2013	oct	2013	0.3	0.9	27.3	7.3	15.1	16	0.4	1	26.2	5.8	18.5	9
Cleu_Sab003	0	-6.7	0.94										1	700	167	10/14/2013	oct	2013	0.3	2.1	26.8	8.1	13.3	6	0.2	2	26.5	7.5	13.5	3
Cleu_Sab005	0	-6.45	-0.87										1	700	24	10/21/2013	oct	2013	0.2	0.8	21.7	7.9	10	11	0.3	0.9	21.1	7.6	11.5	10
Cleu_Sab006	0	-6.4	-1.03										1	700	56	4/28/2014	april	2014	0.3	0.9	26	7.3	8.8	41	0.3	0.9	24.9	6.8	9.6	13
Cleu_Sab007	0	-5.66	-0.13										1																	
Cleu_Sab008	0	-6.35	1.1										1																	
Cleu_Sab009	0	-6.03	-0.48										1	700	31	5/28/2014	may	2014	0.1	1	26.2	5.8	4.8	14	0.1	1	25.2	5.6	2.4	16
Cleu_Sab010	0	-6.4	-0.4										1	700	146	5/19/2014	may	2014	0.1	1.9	24.4	8	12.9	11	0.1	2	22.6	7	12.7	10
Cleu_Sab011	0	-6.83	-1.31										1																	
Cleu_Sab012	0												1																	
Cleu_Sab013	0	-7.32	-0.18										1																	
Cleu_Sab014	0												1	700	20	4/28/2014	april	2014	0.2	0.9	27	7.3	6.6	18	0.2	0.9	25.1	6.3	6.8	13
Cleu_Sab015	0	-6.92	-0.51	10.82616107	21925.34964	0.007153839	77.46105711	0.138838019	6.211607078	38.5967695	2940.588005	22.80432713	1	700	20	4/28/2014	april	2014	0.2	0.9	27	7.3	6.6	18	0.2	0.9	25.1	6.3	6.8	13
Cleu_Sab016	0	-7.5	-0.36	12.94016049	18395.57199	0.008061404	56.01049141	0.597283624	2.158656121	32.49242364	2149.369113	17.6489784	1	700	36	9/23/2014	sept	2014	0.3	1.4	27.3	8.8	11.3		0.3	1.4	24.9	5.8	11.2	
Cleu_Sab017	0	-7.61	-0.12	6.873085644	23332.82769	0.007306501	101.0995805	0.364841398	4.077041604	32.21089588	2109.788954	25.43594141	1	700	56	10/28/2104	oct	2014	0.3	0.7	25.5	9.1	10.6	8.0	0.1	0.9	24.2	7.4	10.4	7.0
Cleu_Sab018	0	-7.6	-0.58	9.628303528	23618.20218	0.010212493	70.37215588	0.220495792	2.295870365	41.64379254	2098.004571	21.56779532	1	700	157	9/30/2014	sept	2014	0.2	1.9	27.7	6.4	12.7	7.0	0.4	2.1	26.7	5.3	16.3	7.0
Cleu_Sab019	0												1																	
Cleu_Sab020	0												1																	
Cleu_Sab021	3												1																	
Cleu_Sab022	3												1																	
Cleu_Sab023	0	-7.04	0.98	8.672540325	21723.09393	0.009694757	67.03403927	0.278274027	0.876606333	34.19703991	2344.836173	29.46754181	1	120	132	5/18/2015	may	2015	0.3	1.6	26.9	7.3	0.4		0.3	1.6	26.3	6.5	0.5	
Cleu_Sab024	0	-8.67	0.93	5.710644712	19495.51055	0.008520111	88.9340454	0.196938102	3.401832366	30.14407011	2058.424412	43.7738797	1	700	169	5/11/2015	may	2015	0.1	1.1	25.7	6.3	1.9		0.0	0.9	24.4	6.1	0.7	
Cleu_Sab025	2												1	700	37	6/1/2015	june	2015	0.3	2.1	30.5	7.5	0.2			2.2	25.4	5.4	0.2	
Cleu_Sab026	0	-7.6	0.24	7.468860879	21863.01055	0.008065608	100.1823135	0.210762295	1.857364088	29.29605357	2067.006518	19.3047705	1	700	37	6/1/2015	june	2015	0.3	2.1	30.5	7.5	0.2			2.2	25.4	5.4	0.2	
Cleu_Sab027	0	-8.81	0.61	5.386881948	18728.97066	0.006559011	101.708368	0.137676322	1.348299064	25.26883327	1294.886013	39.0770203	1	700	37	6/1/2015	june	2015	0.3	2.1	30.5	7.5	0.2			2.2	25.4	5.4	0.2	
Cleu_Sab028	0	-7	0.69										1	710	193	5/11/2015	may	2015	0.0	1.6	25.7	7.2	1.5		0.0	1.4	24.9	7.2	0.4	
Cleu_Sab029	2												1	710	193	5/11/2015	may	2015	0.0	1.6	25.7	7.2	1.5		0.0	1.4	24.9	7.2	0.4	
Cleu_Sab030	0												1	700	167	9/8/2015	sept	2015												
Cleu_Sab031	0	-7.64	0.27	5.417285245	22749.14913	0.007076633	88.94425995	0.155886398	0.927754802	45.59891426	1799.680336	36.43641603	1																	
Cleu_Sab032	0	-6.24	0.22	12.02967879	22367.72627	0.004637954	72.07798657	0.149001915	1.442489252	21.72742002	2323.573046	21.37818833	1																	
Cleu_Sab033	1												1	700		9/7/2015	sept	2015		2.6	31.1	8.0	12.5	3.6			29.0	5.4	21.7	5.6
Cleu_Sab034	0	-8.4	-0.61	11.17159427	19602.64142	0.006372982	65.59582991	0.18249878	7.02793381	22.73851667	1920.342177	22.15459627	1																	
Cleu_Sab035	0	-7.07	-0.21	8.369801117	26056.81492	0.008209911	97.63276051	0.166332148	1.614921054	35.65789433	2228.65752	24.98153845	1																	
Cleu_Sab037	0	-7.53	-1.32	7.181970198	27031.61354	0.009517101	95.18331021	0.962094551	1.3372428	41.94591989	1887.294667	27.91717774	1	700		9/10/2015	sept	2015		2.5	29.5	5.5	19.2	10.0		2.6	29.2	5.0	19.8	7.0
Cleu_Sab038	2												1																	
Cleu_Sab039	0	-10.25	-2.42	3.985904514	23410.40522	0.006516557	103.9310552	0.181632268	1.397928621	26.81895259	1148.746846	50.03908315	1	714	301	9/22/2015	sept	2015	0.10	0.80	31.20	7.60	9.80	12.00	0.10	0.90	27.80	5.80	9.80	5.00
Cleu_Sab040	0	-7.56	-0.71	6.647001556	23764.5836	0.007640488	81.12603949	0.099014668	3.717271471	44.84359588	2744.736671	19.37669039	1																	
Cleu_Sab041	0	-8.05	-0.59	27.06055108	24213.42502	0.006385024	118.7911899	0.164778141	4.255602038	36.12996832	2183.18517	14.89395612	1																	
Cleu_Sab042	3												1																	
Cleu_Sab043	1												1																	
Cleu_Sab044	0	-7.65	-1.42	4.143419465	21578.5596	0.009708985	63.77355328	0.05498064	2.913714194	19.39880776	2535.563861	17.29428256	1																	
Cleu_Sab045	0	-8.25	-0.68	17.54803883	77783.48065	0.005402876	242.4138645	0.34142273	35.86680388	77.04419196	4597.318643	73.25122877	1																	
Cleu_Sab046	0	-7.54	-1.41	6.90365066	34039.45048	0.005986306	186.2460689	0.065323552	34.89258097	42.55189123	3065.092581	18.39269548	1																	
Cleu_Sab047	0	-7.47	-0.89	4.985493746	27924.67868	0.009471262	97.34062424	0.048964003	24.08887993	34.88025972	2662.886441	14.4926758	1																	
Cleu_Sab048	0	-7.05	-0.97	5.209960638	21136.64474	0.009608004	52.3028122	0.084878149	17.92121532	27.07129759	2765.871708	12.3143203	1																	
Cleu_Sab049	0	-7.23	-1.5	10.29749949	21837.15137	0.010655624	53.88994977	0.107529335	41.99614246	17.68217507	1610.36165	8.414709262	1																	
Cleu_San001	1												4																	
Cleu_San002	0	-5.92	1.34	21.94535816	26068.82097	0.006494407	37.06473891	0.153545864	1.063821031	71.42565314	3508.544062	11.36800162	4																	
Cleu_San003	0	-5.65	1.67	18.61231592	27622.68044	0.008722861	49.84192159	0.161222586	0.828107129	37.77965234	2982.601895	20.83061642	4																	
Cleu_San004	0	-5.11	0.97	18.92766926	20986.56916	0.007332307	50.77655338	0.14949516	1.276080111	27.60002046	3044.598	28.1362065	4																	
Cleu_San005	0	-4.47	2.61	24.28382448	29944.00334	0.007774906	132.7136285	0.17396126	6.655305913	58.27453007	3179.477957	32.60504716	4																	
Cleu_San006	0												4																	
Cleu_San007	0	-5.93	1.47	38.90328194	25374.77913	0.007505398	89.12199321	0.184338451	1.29418342	43.54753819	3029.355156	25.36810788	4																	
Cleu_San008	1												4																	