LIB_ID d13C d18O LITHIUM MAGNESIUM CALCIUM MANGANESE COBALT COPPER ZINC STRONTIUM BARIUM
CLE-2A-A12-Cleu-Dic002 -5.53 -1.34 10.16650656 25692.93936 0.009744746 111.4571394 0.10716559 7.452381323 31.10538442 2785.341559 23.12388029
CLE-2A-B03-Cleu-Dic005 -5.75 0.32 11.5658668 31882.51807 0.007912377 87.2302576 0.411792998 8.559067456 91.285376780000007 2525.444662 26.56214156
CLE-2A-B12-Cleu-Mat002 -6.46 2.24 5.811557781 27224.17205 0.008921716 229.4679373 0.225780561 77.75768224 62.55066213 2447.052892 60.65217106
CLE-2A-C01-Cleu-Mat003 -5.76 0.38 25.15549346 33713.44014 0.009717499 100.9708771 0.494425834 210.2933255 70.1467618 3383.783305 22.30824332
CLE-2A-C02-Cleu-Mat004 -5.72 2.42 16.9466034 29017.69068 0.007867067 67.36274365 0.233247797 47.01561579 110.6352605 3790.856907 11.43771488
CLE-2A-C03-Cleu-Mat005 -8.59 -12.23 11.20830463 23679.61773 0.008941963 49.44866122 0.103739537 35.90283388 19.33117244 2505.462446 23.04950858
CLE-2A-C04-Cleu-Mat006 -6.25 1.08 14.63013096 26713.45331 0.007625534 121.1344089 0.063700985 1.24593148 35.66991076 2631.119842 33.12564911
CLE-2A-C05-Cleu-Mat007 -4.64 3.54 15.00014555 23923.89459 0.008199925 76.10456419 0.396961366 28.2537005 33.49493714 2612.546628 22.03854372
CLE-2A-C06-Cleu-Mat008 -5.72 2.24 9.940745915 22501.63986 0.008046383 108.3968587 0.323405001 983.8309022 25.92802022 2189.717818 29.00496613
CLE-2A-E12-Cleu-San002 -5.92 1.34 21.94535816 26068.82097 0.006494407 37.06473891 0.153545864 1.063821031 71.42565314 3508.544062 11.36800162
CLE-2A-F01-Cleu-San003 -5.65 1.67 18.61231592 27622.68044 0.008722861 49.84192159 0.161222586 0.828107129 37.77965234 2982.601895 20.83061642
CLE-2A-F03-Cleu-San005 -4.47 2.61 24.28382448 29944.00334 0.007774906 132.7136285 0.17396126 6.655305913 58.27453007 3179.477957 32.60504716
CLE-2A-F05-Cleu-San007 -5.93 1.47 38.90328194 25374.77913 0.007505398 89.12199321 0.184338451 1.29418342 43.54753819 3029.355156 25.36810788
CLE-2A-F07-Cleu-Ara019 -4.65 1.83 24.73017074 29736.20638 0.008370014 63.75925291 0.204647199 19.62239643 34.23308919 3987.604878 18.65503964
CLE-2A-G01-Cleu-Ara025 -4.19 2.28 27.60231195 22551.9729 0.008893684 133.988405 0.539636794 4.827843192 27.57083771 2381.598326 25.41714417
CLE-2A-G04-Cleu-Ara028 -4.62 2.14 22.116781 23272.79746 0.006378261 44.88888382 0.879271272 1.671897905 28.48580293 2637.524398 21.03656884
CLE-2A-G06-Cleu-Ara030 -3.84 3.53 22.55504129 27501.23466 0.009597363 78.46616933 0.310013111 26.96262555 38.23284337 3320.250106 27.62214272
CLE-2B-A03-Cleu-Ara093 -4.5 1.04 16.30134195 19901.86904 0.008570885 56.8419562 0.119995676 1.552716321 23.81827864 3602.819132 9.956818886
CLE-2B-A04-Cleu-Ara094 -5.33 0.72 13.76832688 18820.40132 0.008147944 54.63356938 0.13521581 38.3751276 19.30696792 2951.988115 11.12633443
CLE-2B-A10-Cleu-Ara100 -4.91 1.06 9.171607203 21188.82487 0.010142316 12.51814156 0.462985745 7.695230579 30.67450962 3353.68189 3.04891312
CLE-2B-B01-Cleu-Dic065 -8.68 -0.7 6.479621705 20382.57267 0.008741568 82.37630102 0.057679205 10.91956222 17.79907776 1780.466667 25.35094517
CLE-2B-B03-Cleu-Dic068 -12.25 -1.78 3.299727988 24563.90922 0.00571271 116.035303 0.167194851 9.124243904 40.34086832 1511.4753 29.91785841
CLE-2B-B06-Cleu-Dic071 -10.8 -2.01 2.755379605 23868.94384 0.007366696 101.8963158 0.047520261 22.4145447 22.34592277 1362.159473 20.30511083
CLE-2B-B09-Cleu-Mat029 -6.49 -0.46 8.063989236 22279.528010000002 0.009175878 59.88997944 0.070109362 105.5431694 28.27980701 2042.797295 16.2833177
CLE-2B-B11-Cleu-Mat031 -6.97 -0.84 7.124236279 19739.78741 0.005470925 98.85646422 0.13488825 17.58829107 24.30580232 2220.459688 23.35843722
CLE-2B-B12-Cleu-Mat032 -6.67 -0.74 8.439178852 36015.36866 0.007445554 102.1578084 0.055645283 41.30380131 45.17318935 2532.745856 26.51637436
CLE-2B-E01-Cleu-Sab040 -7.56 -0.71 6.647001556 23764.5836 0.007640488 81.12603949 0.099014668 3.717271471 44.84359588 2744.736671 19.37669039
CLE-2B-E02-Cleu-Sab041 -8.05 -0.59 27.06055108 24213.42502 0.006385024 118.7911899 0.164778141 4.255602038 36.12996832 2183.18517 14.89395612
CLE-2B-E05-Cleu-Sab044 -7.65 -1.42 4.143419465 21578.5596 0.009708985 63.77355328 0.05498064 2.913714194 19.39880776 2535.563861 17.29428256
CLE-2B-E06-Cleu-Sab045 -8.25 -0.68 17.54803883 77783.48065 0.005402876 242.4138645 0.34142273 35.86680388 77.04419196 4597.318643 73.25122877
CLE-2B-E07-Cleu-Sab046 -7.54 -1.41 6.90365066 34039.45048 0.005986306 186.2460689 0.065323551999999993 34.89258097 42.55189123 3065.092581 18.39269548
CLE-2B-E08-Cleu-Sab047 -7.47 -0.89 4.985493746 27924.67868 0.009471262 97.34062424 0.048964003 24.08887993 34.88025972 2662.886441 14.4926758
CLE-2B-E09-Cleu-Sab048 -7.05 -0.97 5.209960638 21136.64474 0.009608004 52.3028122 0.084878149 17.92121532 27.07129759 2765.871708 12.3143203
CLE-2B-E10-Cleu-Sab049 -7.23 -1.5 10.29749949 21837.15137 0.010655624 53.88994977 0.107529335 41.99614246 17.68217507 1610.36165 8.414709262
CLE-2B-F04-Cleu-Ara086 -7.12 -0.33 5.713717385 19850.61246 0.009718087 56.40885906 0.107957829 1.722869755 28.59395079 1980.160734 28.59060947
CLE-2B-F05-Cleu-Ara087 -3.71 0.47 9.308583757 23327.28644 0.011374957 81.64493888 0.177973875 2.527751665 25.11038807 2745.889492 21.71326966
CLE-2B-F07-Cleu-Ara089 -5.57 1.24 17.08374168 27154.9064 0.006051695 12.51385145 0.047528069 32.033141380000004 40.3769176 4192.678772 2.946999362
CLE-2B-F08-Cleu-Ara090 -5.3 0.64 20.51413915 21520.37645 0.009939232 29.66715382 0.058669504 5.940181089 21.73771981 3209.707463 5.98275441
CLE-2B-F10-Cleu-Dic051 -7.61 1.41 5.8026632 24107.67946 0.006694829 100.192528 0.221522275 3.136199435 26.7726035 1593.837895 40.05284249
CLE-2B-F11-Cleu-Dic052 -10.3 -1.37 17.9541169 20807.86378 0.005499825 70.92578476 0.169672503 15.56372306 37.74703632 2463.576648 22.28944607
CLE-2B-F12-Cleu-Dic053 -9.67 0.1 5.846650948 18551.18882 0.009935287 72.46409676 0.647807919 3.184416051 27.19661178 1218.454037 27.10889621
CLE-2B-G01-Cleu-Dic054 -11.63 -1.09 3.259783231 23488.9063 0.008227889 22.44076467 0.145665369 3.491377509 46.9499042 887.2872374 22.84682525
CLE-2B-G02-Cleu-Dic055 -5.38 1.34 15.55581431 22142.38201 0.008244638 78.62143056 0.352077967 2.525985488 32.97994733 2549.910067 22.45453492
CLE-2B-G06-Cleu-Dic062 -6.94 0.34 9.705928966 20769.99855 0.012986181 89.36305671 0.11559075 4.100673044 17.30932245 1812.361357 15.51916883
CLE-3A-A02-Cleu-Ara039 -6.62 1.28 110.39145860000001 611.7080656 0.010645235 11.9502123 4.451432223 7.611867053 20.15326783 230.3462739 12.55819412
CLE-3A-A05-Cleu-Ara042 -3.03 1.9 25.61477729 25846.70911 0.009844569 65.33842312 0.437731215 1.868861897 38.89718022 3066.757765 39.96948079
CLE-3A-B01-Cleu-Dic011 -7.7 -1.3 9.434401654 24995.20335 0.009177418 75.44061811 0.251993014 2.447885168 53.62073885 2192.535823 46.60981187
CLE-3A-B05-Cleu-Dic015 -6.39 1.07 8.94277388 22277.68092 0.008354307 91.01781463 0.321180637 36.62449355 36.25528251 1549.518365 16.71320251
CLE-3A-C01-Cleu-Mat009 -6.07 -0.95 9.03851192 18463.45233 0.010468195 64.07794703 0.149411366 2.988723706 18.18274516 1852.197698 16.03895352
CLE-3A-C02-Cleu-Mat010 -6.76 -1.26 14.14012038 24785.55931 0.00957466 82.47027493 0.23507985 61.06908141 27.54165495 2303.078465 23.68698037
CLE-3A-C03-Cleu-Mat011 -5.53 -0.27 13.22219958 18135.13313 0.009945925 44.01043209 0.055077766 24.19485051 21.02188398 2751.39741 18.61989696
CLE-3A-C04-Cleu-Mat012 -6.48 -1.22 12.49494626 22072.65459 0.008634507 101.5265489 0.242238569 64.078646 33.87602959 1965.174072 26.84491751
CLE-3A-C05-Cleu-Mat013 -5.77 -0.99 14.34841531 27531.24978 0.010310991 98.89936535 0.322113803 7.556055877 28.32100619 2341.633894 26.39541817
CLE-3A-C06-Cleu-Mat014 -4.96 2.05 4.767657361 26138.08662 0.005745894 26.61320614 0.161908178 4.698735697 41.66439213 2484.455501 9.011726105
CLE-3A-C07-Cleu-Mat001 -5.7 0.71 18.66568341 31830.33794 0.008897941 138.0027252 0.401975707 59.25521825 75.49407264 3243.267338 30.01266191
CLE-3A-E05-Cleu-Sab015 -6.92 -0.51 10.82616107 21925.34964 0.007153839 77.46105711 0.138838019 6.211607078 38.5967695 2940.588005 22.80432713
CLE-3A-E06-Cleu-Sab016 -7.5 -0.36 12.94016049 18395.57199 0.008061404 56.01049141 0.597283624 2.158656121 32.49242364 2149.369113 17.6489784
CLE-3A-E07-Cleu-Sab017 -7.61 -0.12 6.873085644 23332.82769 0.007306501 101.0995805 0.364841398 4.077041604 32.21089588 2109.788954 25.43594141
CLE-3A-E08-Cleu-Sab018 -7.6 -0.58 9.628303528 23618.20218 0.010212493 70.37215588 0.220495792 2.295870365 41.64379254 2098.004571 21.56779532
CLE-3A-F06-Cleu-Ara055 -3.46 2.74 17.23786051 25631.98558 0.008228887 9.902194 0.389482704 1.657220979 41.50302865 3166.540753 7.697798688
CLE-3A-F11-Cleu-Ara060 -3.5 2.64 17.86986095 20605.1463 0.011444065 56.35982919 0.444682352 1.783873488 37.00888426 2755.368235 22.24367887
CLE-3A-G01-Cleu-Mat015 -6.43 -0.26 7.671495616 20436.59988 0.008717541 88.62148001 0.075523632 3.557255889 26.15118247 2363.921751 14.52700121
CLE-3A-G04-Cleu-Mat018 -5.62 -0.1 3.759658707 24779.09452 0.006815218 105.4019511 0.176863598 2.484427358 38.56587011 1988.742839 26.53435433
CLE-3A-G05-Cleu-Mat019 -6.74 -0.24 12.46955628 18431.12835 0.008801328 27.642629 0.137381137 97.71370937 18.48624582 2462.808101 20.29530357
CLE-3A-G06-Cleu-Mat020 -6.5 -0.16 8.866118761 15122.53902 0.007854325 36.61713711 0.071899518 2.067026889 18.38427784 2603.067885 22.72832088
CLE-3A-G08-Cleu-Mat030 -7.47 -0.24 7.9469042 22479.47486 0.007251544 70.22098046 0.505566698 71.44890011 35.90337281 1797.758969 23.13450482
CLE-3B-A03-Cleu-Ara064 -5.3 0 8.435135861 31881.59452 0.008864123 16.74247297 0.509944963 1.216047776 51.03377337 2978.502978 3.430006828
CLE-3B-A04-Cleu-Ara065 -7.14 1.32 7.629933663 22777.31716 0.009903732 63.57539091 0.18115045 3.619248681 30.00502287 1864.110173 32.03459164
CLE-3B-A06-Cleu-Ara067 -4.75 2.86 17.75698063 25276.88367 0.009790003 12.71814255 0.218391407 3.747119852 30.67279299 3050.746374 8.596225266
CLE-3B-A07-Cleu-Ara068 -7.61 -2.34 10.85818156 22379.27054 0.007520335 80.63574083 0.291355496 0.858185113 36.59174252 2223.790057 20.06973664
CLE-3B-A09-Cleu-Ara070 -2.57 2.77 17.52200196 24478.01982 0.008669439 74.74398546 0.198863472 1.532299322 40.26018658 3013.343765 25.74487005
CLE-3B-A10-Cleu-Ara071 -5.56 1.82 18.06732066 19628.96237 0.010900013 81.47129144 0.468371448 1.322954433 29.84022613 2592.820595 18.71388319
CLE-3B-A12-Cleu-Ara073 -5.63 1.91 13.19923539 20657.7882 0.009254787 85.19143242 0.195679279 2.270861307 30.40671492 2586.672221 21.26703941
CLE-3B-B03-Cleu-Dic025 -7.67 0.75 8.16716638 18927.99397 0.007493964 43.32197107 0.142285022 3.198722079 35.14462115 1980.673098 24.2827713
CLE-3B-B04-Cleu-Dic026 -6.28 0.97 6.8653231 24926.39947 0.011703637 108.595021 0.202051473 12.57535259 36.20035026 2300.516643 26.0072142
CLE-3B-B06-Cleu-Dic028 -7.04 0.01 6.638592133 24738.92044 0.009837747 68.90738868 0.147531702 0.939994404 24.09293987 1754.079895 39.67608032
CLE-3B-B08-Cleu-Dic030 -6.53 0.24 7.966633999 35903.1583 0.008575086 115.8882134 0.258751805 25.5684059 38.84224798 2276.30742 36.8646663
CLE-3B-B09-Cleu-Dic031 -6.78 0.56 10.93839451 20193.24655 0.009481166 60.41296466 0.181523716 1.015127548 28.33473926 2184.594173 34.71524221
CLE-3B-B10-Cleu-Dic032 -7.59 0.82 12.5627068 20855.88796 0.008339456 65.32412275 0.205315651 2.258286131 37.86376734 1916.755626 31.97983445
CLE-3B-C01-Cleu-Mat021 -5.72 -0.07 12.30023579 17803.11977 0.009857909 112.8361043 0.149057144 33.83393484 22.05873012 2843.366839 21.69937604
CLE-3B-C02-Cleu-Mat022 -5.42 -0.44 13.59593372 24860.82799 0.006867277 91.92282421 0.057045033 30.78763378 28.2059918 2913.94505 28.1304856
CLE-3B-C03-Cleu-Mat023 -6.5 -0.53 9.506205183 22007.08311 0.008603985 82.20265357 0.055599768 117.6096865 25.24703203 2577.321568 25.14826184
CLE-3B-C04-Cleu-Mat024 -5.52 0.01 12.6877161 27536.79103 0.008416388 98.18434648 0.077959386 43.16888359 29.70804541 2840.805017 28.0847184
CLE-3B-C05-Cleu-Mat025 -6.39 -0.48 9.281576573 19435.94209 0.009240931 57.83276804 0.101338061 79.75876009 23.68609792 2405.039002 26.98467094
CLE-3B-C07-Cleu-San004 -5.11 0.97 18.92766926 20986.56916 0.007332307 50.77655338 0.14949516 1.276080111 27.60002046 3044.598 28.1362065
CLE-3B-E01-Cleu-Sab023 -7.04 0.98 8.672540325 21723.09393 0.009694757 67.03403927 0.278274027 0.876606333 34.19703991 2344.836173 29.46754181
CLE-3B-E02-Cleu-Sab024 -8.67 0.93 5.710644712 19495.51055 0.008520111 88.9340454 0.196938102 3.401832366 30.14407011 2058.424412 43.7738797
CLE-3B-E04-Cleu-Sab026 -7.6 0.24 7.468860879 21863.01055 0.008065608 100.1823135 0.210762295 1.857364088 29.29605357 2067.006518 19.3047705
CLE-3B-E05-Cleu-Sab027 -8.81 0.61 5.386881948 18728.97066 0.006559011 101.708368 0.137676322 1.348299064 25.26883327 1294.886013 39.0770203
CLE-3B-E09-Cleu-Sab031 -7.64 0.27 5.417285245 22749.14913 0.007076633 88.94425995 0.155886398 0.927754802 45.59891426 1799.680336 36.43641603
CLE-3B-E12-Cleu-Sab034 -8.4 -0.61 11.17159427 19602.64142 0.006372982 65.59582991 0.18249878 7.02793381 22.73851667 1920.342177 22.15459627
CLE-3B-F01-Cleu-Ara074 -6.14 1.12 8.937922292 20058.87119 0.007766768 101.3488157 0.324086784 3.605649122 31.99460016 2542.352691 21.61683162
CLE-3B-F04-Cleu-Dic036 -6.19 0.72 8.567745984 22085.58418 0.007111987 133.9291606 0.144625556 4.398838944 29.70976204 2347.013722 27.95150314
CLE-3B-F08-Cleu-Dic041 -7.14 0.38 10.82308839 19118.7054 0.007827822 83.68784991 0.167196756 6.5620518 26.9717329 1972.731449 23.37151356
CLE-3B-F09-Cleu-Dic042 -7.57 -0.8 9.472244054 21500.5203 0.008000569 63.83892644 0.133334242 3.015922822 39.63876555 2091.856197 18.95334374
CLE-3B-F11-Cleu-Dic044 -9.4 -0.59 6.71185114 20703.50353 0.005980818 173.524862 0.304459819 31.81855095 41.89270428 1562.327477 36.53857497
CLE-3B-G01-Cleu-Dic046 -6.97 -0.77 15.74890758 16859.72158 0.00793213 47.25457478 1.386761436 2.972298265 25.93488675 1928.796192 14.76646176
CLE-3B-G03-Cleu-Dic048 -8.28 -0.52 6.637783535 32528.53572 0.008922525 158.4420499 0.40655584 122.8958525 37.58738948 1683.629775 35.13695432
